n	tQuick	tHeap
1	5.0067901611328125e-06	5.0067901611328125e-06
101	0.0002961158752441406	9.036064147949219e-05
201	0.0006146430969238281	0.0001697540283203125
301	0.0010063648223876953	0.00025010108947753906
401	0.0008971691131591797	0.0004336833953857422
501	0.0024569034576416016	0.0005211830139160156
601	0.0022492408752441406	0.0005114078521728516
701	0.0029244422912597656	0.0006129741668701172
801	0.003103017807006836	0.0006668567657470703
901	0.00428462028503418	0.0007569789886474609
1001	0.004426002502441406	0.0009152889251708984
1101	0.00456690788269043	0.0009846687316894531
1201	0.004821062088012695	0.0010921955108642578
1301	0.005751371383666992	0.0011658668518066406
1401	0.0062255859375	0.0009684562683105469
1501	0.0067291259765625	0.0014238357543945312
1601	0.0075435638427734375	0.0013337135314941406
1701	0.007822751998901367	0.0015289783477783203
1801	0.008625030517578125	0.0011410713195800781
1901	0.009019851684570312	0.0016939640045166016
2001	0.00995492935180664	0.001398324966430664
2101	0.01024770736694336	0.0018799304962158203
2201	0.011303424835205078	0.0014491081237792969
2301	0.010745048522949219	0.0019266605377197266
2401	0.011648416519165039	0.0020341873168945312
2501	0.012711048126220703	0.0021169185638427734
2601	0.012584924697875977	0.0024373531341552734
2701	0.014644384384155273	0.002414226531982422
2801	0.01443791389465332	0.0025262832641601562
2901	0.014407873153686523	0.0030808448791503906
3001	0.016075611114501953	0.003380298614501953
3101	0.015713930130004883	0.002281665802001953
3201	0.01603412628173828	0.002855062484741211
3301	0.017521381378173828	0.002501964569091797
3401	0.017922401428222656	0.002930879592895508
3501	0.017699480056762695	0.002988576889038086
3601	0.019251346588134766	0.0035893917083740234
3701	0.018635272979736328	0.0031435489654541016
3801	0.02045464515686035	0.003076791763305664
3901	0.020815134048461914	0.0035195350646972656
4001	0.020694494247436523	0.0034155845642089844
4101	0.023697614669799805	0.003935098648071289
4201	0.02193737030029297	0.003125429153442383
4301	0.022683143615722656	0.003057241439819336
4401	0.02534794807434082	0.00514531135559082
4501	0.023354530334472656	0.003387451171875
4601	0.02691507339477539	0.0050356388092041016
4701	0.025363683700561523	0.004698753356933594
4801	0.027564525604248047	0.003602266311645508
4901	0.02857351303100586	0.0037288665771484375
5001	0.026241779327392578	0.004350185394287109
5101	0.02856278419494629	0.004425525665283203
5201	0.02752852439880371	0.0042285919189453125
5301	0.02965092658996582	0.0045659542083740234
5401	0.029763460159301758	0.004277706146240234
5501	0.030321598052978516	0.004716396331787109
5601	0.030931472778320312	0.005089521408081055
5701	0.03234982490539551	0.00542759895324707
5801	0.03345823287963867	0.005128145217895508
5901	0.032670021057128906	0.005341768264770508
6001	0.033852577209472656	0.005269050598144531
6101	0.03443479537963867	0.005107402801513672
6201	0.03305220603942871	0.00503230094909668
6301	0.03547954559326172	0.0059680938720703125
6401	0.03528761863708496	0.005759000778198242
6501	0.03634953498840332	0.005277156829833984
6601	0.03665304183959961	0.005909919738769531
6701	0.03731179237365723	0.005772590637207031
6801	0.039545297622680664	0.0061376094818115234
6901	0.039670467376708984	0.006380319595336914
7001	0.040849924087524414	0.005919218063354492
7101	0.04115724563598633	0.006131172180175781
7201	0.04131674766540527	0.00619053840637207
7301	0.043085575103759766	0.00641179084777832
7401	0.04339313507080078	0.00609135627746582
7501	0.04250192642211914	0.0066068172454833984
7601	0.04228091239929199	0.0071675777435302734
7701	0.04520463943481445	0.006522178649902344
7801	0.04528665542602539	0.007084846496582031
7901	0.047344207763671875	0.006633281707763672
8001	0.049646854400634766	0.0066051483154296875
8101	0.04635477066040039	0.006887674331665039
8201	0.04957723617553711	0.006871700286865234
8301	0.04770183563232422	0.0066149234771728516
8401	0.04767966270446777	0.007351875305175781
8501	0.04908585548400879	0.007319927215576172
8601	0.04894304275512695	0.00830388069152832
8701	0.05166220664978027	0.007150173187255859
8801	0.051360368728637695	0.007756710052490234
8901	0.05407214164733887	0.0077054500579833984
9001	0.052902936935424805	0.007812976837158203
9101	0.05344963073730469	0.007795810699462891
9201	0.054514408111572266	0.008202075958251953
9301	0.05411052703857422	0.00797581672668457
9401	0.05532121658325195	0.007555723190307617
9501	0.056710243225097656	0.008427619934082031
9601	0.05920147895812988	0.008407831192016602
9701	0.05675935745239258	0.008399724960327148
9801	0.05643725395202637	0.008332967758178711
9901	0.05857729911804199	0.008471012115478516
10001	0.06116628646850586	0.009196996688842773
10101	0.060576438903808594	0.008412837982177734
10201	0.05906319618225098	0.008686065673828125
10301	0.05939888954162598	0.008760929107666016
10401	0.06213784217834473	0.009585380554199219
10501	0.062088966369628906	0.009262561798095703
10601	0.06192970275878906	0.009102582931518555
10701	0.06969070434570312	0.009172439575195312
10801	0.06533503532409668	0.009439945220947266
10901	0.06478619575500488	0.00910806655883789
11001	0.06802606582641602	0.00876760482788086
11101	0.07254409790039062	0.009280204772949219
11201	0.07589602470397949	0.009877681732177734
11301	0.06768035888671875	0.00975179672241211
11401	0.0713815689086914	0.009755849838256836
11501	0.07051324844360352	0.009241104125976562
11601	0.07039475440979004	0.010082483291625977
11701	0.07061648368835449	0.009679555892944336
11801	0.07066726684570312	0.013767480850219727
11901	0.07757186889648438	0.010202169418334961
12001	0.07114505767822266	0.010274887084960938
12101	0.07267189025878906	0.01011800765991211
12201	0.07213473320007324	0.010092735290527344
12301	0.07625460624694824	0.010479927062988281
12401	0.07636189460754395	0.01054239273071289
12501	0.0761861801147461	0.011317968368530273
12601	0.07829403877258301	0.011052370071411133
12701	0.08069682121276855	0.01054525375366211
12801	0.08025741577148438	0.011087417602539062
12901	0.07911539077758789	0.01143336296081543
13001	0.07880306243896484	0.011603116989135742
13101	0.07735252380371094	0.010736942291259766
13201	0.07903575897216797	0.010579347610473633
13301	0.08017802238464355	0.011444330215454102
13401	0.08345627784729004	0.010991096496582031
13501	0.08704233169555664	0.01134037971496582
13601	0.08420395851135254	0.011008739471435547
13701	0.08437275886535645	0.011869668960571289
13801	0.08732986450195312	0.013341188430786133
13901	0.08507323265075684	0.012310504913330078
14001	0.09126830101013184	0.011735677719116211
14101	0.0896615982055664	0.011990785598754883
14201	0.08878946304321289	0.013371944427490234
14301	0.09149432182312012	0.012764930725097656
14401	0.09211230278015137	0.013302803039550781
14501	0.0896768569946289	0.012272119522094727
14601	0.09872269630432129	0.012569665908813477
14701	0.08828234672546387	0.013240337371826172
14801	0.08904266357421875	0.012385845184326172
14901	0.09360146522521973	0.013087749481201172
15001	0.09895062446594238	0.012796640396118164
15101	0.09405755996704102	0.012757539749145508
15201	0.0944831371307373	0.012679815292358398
15301	0.09645748138427734	0.0172882080078125
15401	0.0939948558807373	0.015428304672241211
15501	0.09969162940979004	0.013336420059204102
15601	0.10429644584655762	0.008746862411499023
15701	0.09813642501831055	0.012950897216796875
15801	0.09800314903259277	0.014295101165771484
15901	0.09581232070922852	0.012928247451782227
16001	0.09583091735839844	0.013923406600952148
16101	0.09946346282958984	0.014212369918823242
16201	0.10018610954284668	0.013386726379394531
16301	0.10334372520446777	0.014317750930786133
16401	0.10360407829284668	0.015791893005371094
16501	0.10805606842041016	0.013770341873168945
16601	0.10421371459960938	0.014687061309814453
16701	0.10971260070800781	0.014966726303100586
16801	0.10649800300598145	0.014818906784057617
16901	0.10598111152648926	0.012168169021606445
17001	0.10887622833251953	0.01388406753540039
17101	0.1028890609741211	0.013077497482299805
17201	0.10878276824951172	0.014171838760375977
17301	0.11131525039672852	0.014676332473754883
17401	0.1098473072052002	0.012780189514160156
17501	0.10970520973205566	0.014630794525146484
17601	0.11617565155029297	0.014838695526123047
17701	0.1106877326965332	0.015156269073486328
17801	0.1171882152557373	0.01512455940246582
17901	0.11538481712341309	0.01432347297668457
18001	0.11476445198059082	0.016007423400878906
18101	0.11146831512451172	0.016271114349365234
18201	0.11346673965454102	0.015396595001220703
18301	0.11488890647888184	0.015516519546508789
18401	0.12133002281188965	0.017804861068725586
18501	0.11784100532531738	0.015207529067993164
18601	0.12862086296081543	0.015716552734375
18701	0.11696124076843262	0.016148805618286133
18801	0.1209573745727539	0.01785564422607422
18901	0.12300324440002441	0.015542745590209961
19001	0.12153291702270508	0.016138315200805664
19101	0.12434935569763184	0.01618361473083496
19201	0.12997937202453613	0.01693558692932129
19301	0.12643122673034668	0.015317678451538086
19401	0.1266162395477295	0.01689887046813965
19501	0.12054872512817383	0.016150951385498047
19601	0.1261594295501709	0.0161285400390625
19701	0.13037848472595215	0.016469240188598633
19801	0.13822245597839355	0.017844200134277344
19901	0.1262803077697754	0.01695394515991211
20001	0.12773633003234863	0.01696610450744629
20101	0.1273484230041504	0.017260074615478516
20201	0.1337742805480957	0.01693272590637207
20301	0.12987017631530762	0.016692399978637695
20401	0.12884211540222168	0.018150806427001953
20501	0.13178801536560059	0.016913175582885742
20601	0.15039277076721191	0.019071340560913086
20701	0.14213776588439941	0.015794038772583008
20801	0.13843679428100586	0.019095182418823242
20901	0.13995575904846191	0.019231319427490234
21001	0.13439202308654785	0.017416000366210938
21101	0.1348094940185547	0.019030094146728516
21201	0.14619016647338867	0.016439437866210938
21301	0.148101806640625	0.0153350830078125
21401	0.14170050621032715	0.016651630401611328
21501	0.1412365436553955	0.01919722557067871
21601	0.13597416877746582	0.017038345336914062
21701	0.14499354362487793	0.01850414276123047
21801	0.14220643043518066	0.01741194725036621
21901	0.14426255226135254	0.01916193962097168
22001	0.1416018009185791	0.016648292541503906
22101	0.1397256851196289	0.020536184310913086
22201	0.14800500869750977	0.01940298080444336
22301	0.1401512622833252	0.019325733184814453
22401	0.14528489112854004	0.016989469528198242
22501	0.14798808097839355	0.018961429595947266
22601	0.14740538597106934	0.0190279483795166
22701	0.142503023147583	0.01865363121032715
22801	0.14446663856506348	0.018416643142700195
22901	0.15136313438415527	0.018224477767944336
23001	0.14447450637817383	0.019687652587890625
23101	0.14933395385742188	0.01938915252685547
23201	0.1525588035583496	0.01967310905456543
23301	0.15431523323059082	0.019428730010986328
23401	0.15452933311462402	0.019716978073120117
23501	0.15464162826538086	0.019741058349609375
23601	0.1606917381286621	0.019809722900390625
23701	0.1494004726409912	0.021476030349731445
23801	0.15539813041687012	0.020411968231201172
23901	0.151627779006958	0.020436525344848633
24001	0.15509414672851562	0.020461559295654297
24101	0.1575162410736084	0.018320560455322266
24201	0.15973520278930664	0.02144789695739746
24301	0.1549849510192871	0.021228313446044922
24401	0.1614513397216797	0.021549224853515625
24501	0.15931129455566406	0.021053075790405273
24601	0.16709661483764648	0.02339768409729004
24701	0.1571500301361084	0.016428709030151367
24801	0.16203022003173828	0.021987438201904297
24901	0.16216421127319336	0.02249002456665039
25001	0.15962982177734375	0.02185344696044922
25101	0.16766810417175293	0.02114725112915039
25201	0.17017745971679688	0.022043943405151367
25301	0.16710186004638672	0.01955127716064453
25401	0.17069506645202637	0.018751144409179688
25501	0.16692280769348145	0.02170848846435547
25601	0.16873455047607422	0.02161407470703125
25701	0.16233062744140625	0.02582716941833496
25801	0.17350554466247559	0.023837804794311523
25901	0.17064929008483887	0.022920846939086914
26001	0.16761350631713867	0.0217282772064209
26101	0.16868185997009277	0.021472454071044922
26201	0.17911267280578613	0.02204728126525879
26301	0.17414283752441406	0.022243261337280273
26401	0.18395423889160156	0.021291732788085938
26501	0.1728501319885254	0.023054838180541992
26601	0.17755627632141113	0.02401566505432129
26701	0.17455458641052246	0.02124190330505371
26801	0.1785886287689209	0.024158716201782227
26901	0.16998744010925293	0.023244857788085938
27001	0.1779801845550537	0.02205657958984375
27101	0.18189406394958496	0.022006511688232422
27201	0.18401098251342773	0.023262739181518555
27301	0.19152450561523438	0.022393465042114258
27401	0.18339061737060547	0.023506879806518555
27501	0.19230127334594727	0.02320551872253418
27601	0.18090224266052246	0.0242919921875
27701	0.18372154235839844	0.0250246524810791
27801	0.18527650833129883	0.023695707321166992
27901	0.17847561836242676	0.02184581756591797
28001	0.18416786193847656	0.02454209327697754
28101	0.18455076217651367	0.023215293884277344
28201	0.18243908882141113	0.025179147720336914
28301	0.19132709503173828	0.023723840713500977
28401	0.19121122360229492	0.0260164737701416
28501	0.19091057777404785	0.02450847625732422
28601	0.19578003883361816	0.028614044189453125
28701	0.19644665718078613	0.026131153106689453
28801	0.19434738159179688	0.02549576759338379
28901	0.1891939640045166	0.02537846565246582
29001	0.19647622108459473	0.022872447967529297
29101	0.19426345825195312	0.025104761123657227
29201	0.19084620475769043	0.02740764617919922
29301	0.20214486122131348	0.024410724639892578
29401	0.19814252853393555	0.02538442611694336
29501	0.20066118240356445	0.02530646324157715
29601	0.19649910926818848	0.027240276336669922
29701	0.19550490379333496	0.02528977394104004
29801	0.20485925674438477	0.024209022521972656
29901	0.1965346336364746	0.02370738983154297
30001	0.21307897567749023	0.02456974983215332
30101	0.20147705078125	0.025540590286254883
30201	0.20707440376281738	0.024636268615722656
30301	0.21118640899658203	0.024666786193847656
30401	0.20496177673339844	0.025775432586669922
30501	0.2067883014678955	0.0217897891998291
30601	0.20500707626342773	0.025953292846679688
30701	0.2047865390777588	0.026623249053955078
30801	0.20090484619140625	0.030848026275634766
30901	0.21052813529968262	0.026876211166381836
31001	0.2061905860900879	0.026686429977416992
31101	0.21232175827026367	0.02443218231201172
31201	0.20891141891479492	0.02433156967163086
31301	0.2058570384979248	0.02712845802307129
31401	0.21524572372436523	0.025275230407714844
31501	0.2126755714416504	0.026863813400268555
31601	0.22231531143188477	0.027271747589111328
31701	0.2111375331878662	0.02763199806213379
31801	0.21727228164672852	0.02712416648864746
31901	0.21280336380004883	0.02551746368408203
32001	0.22728586196899414	0.02772665023803711
32101	0.21191692352294922	0.027582168579101562
32201	0.2178652286529541	0.026886463165283203
32301	0.2260427474975586	0.02702927589416504
32401	0.22100281715393066	0.026591777801513672
32501	0.25394248962402344	0.028616666793823242
32601	0.22179436683654785	0.027799129486083984
32701	0.21918725967407227	0.026300668716430664
32801	0.22475314140319824	0.026648759841918945
32901	0.22562217712402344	0.02942371368408203
33001	0.24582719802856445	0.02970600128173828
33101	0.22292232513427734	0.028423070907592773
33201	0.22289538383483887	0.028734922409057617
33301	0.22746610641479492	0.02580094337463379
33401	0.22787690162658691	0.027851343154907227
33501	0.24188852310180664	0.02847766876220703
33601	0.2245039939880371	0.026891708374023438
33701	0.23750662803649902	0.02942037582397461
33801	0.22193312644958496	0.02890920639038086
33901	0.22706270217895508	0.02707386016845703
34001	0.23569059371948242	0.028515100479125977
34101	0.23235368728637695	0.02870464324951172
34201	0.23785018920898438	0.02683734893798828
34301	0.23946523666381836	0.02843785285949707
34401	0.23497581481933594	0.02899765968322754
34501	0.22677397727966309	0.03198552131652832
34601	0.23846840858459473	0.031134843826293945
34701	0.22924160957336426	0.027181625366210938
34801	0.2329392433166504	0.029954910278320312
34901	0.2396700382232666	0.027002573013305664
35001	0.24602937698364258	0.029898881912231445
35101	0.24071526527404785	0.028290271759033203
35201	0.23923087120056152	0.030605316162109375
35301	0.26271963119506836	0.029846668243408203
35401	0.2499091625213623	0.032453298568725586
35501	0.2581667900085449	0.028699874877929688
35601	0.24503755569458008	0.029694080352783203
35701	0.28583788871765137	0.03174304962158203
35801	0.24486064910888672	0.031072139739990234
35901	0.24325037002563477	0.031161785125732422
36001	0.25261998176574707	0.032483816146850586
36101	0.24526405334472656	0.03760051727294922
36201	0.2485065460205078	0.028176546096801758
36301	0.25635719299316406	0.031133651733398438
36401	0.25052332878112793	0.0299074649810791
36501	0.25116395950317383	0.03180432319641113
36601	0.24663805961608887	0.03238844871520996
36701	0.24927091598510742	0.03206348419189453
36801	0.2515726089477539	0.02717280387878418
36901	0.25365352630615234	0.032538414001464844
37001	0.26235079765319824	0.03302001953125
37101	0.24811291694641113	0.03323674201965332
37201	0.2541012763977051	0.030946731567382812
37301	0.2671546936035156	0.0331883430480957
37401	0.26232147216796875	0.032201528549194336
37501	0.25727248191833496	0.030644655227661133
37601	0.2715597152709961	0.03267335891723633
37701	0.26845836639404297	0.03415870666503906
37801	0.26576924324035645	0.03224372863769531
37901	0.27219414710998535	0.032074689865112305
38001	0.2619750499725342	0.03210735321044922
38101	0.2670407295227051	0.03375577926635742
38201	0.2622368335723877	0.03340888023376465
38301	0.26251959800720215	0.02777552604675293
38401	0.26123642921447754	0.03396773338317871
38501	0.2653055191040039	0.0399317741394043
38601	0.2779366970062256	0.03403902053833008
38701	0.27049756050109863	0.03209233283996582
38801	0.2730855941772461	0.03377079963684082
38901	0.27564191818237305	0.035590171813964844
39001	0.2764716148376465	0.03180289268493652
39101	0.2758364677429199	0.03092050552368164
39201	0.2704927921295166	0.03410148620605469
39301	0.28203392028808594	0.036800384521484375
39401	0.28440403938293457	0.033892154693603516
39501	0.27873969078063965	0.03392219543457031
39601	0.2840712070465088	0.03978109359741211
39701	0.28063178062438965	0.035671234130859375
39801	0.3183574676513672	0.03458690643310547
39901	0.28414106369018555	0.03420448303222656
40001	0.2984912395477295	0.03528571128845215
40101	0.2888016700744629	0.034528255462646484
40201	0.2909853458404541	0.035372018814086914
40301	0.28244924545288086	0.03646278381347656
40401	0.2980647087097168	0.03515291213989258
40501	0.2911703586578369	0.03467416763305664
40601	0.31183862686157227	0.03399157524108887
40701	0.3330037593841553	0.03563690185546875
40801	0.30016016960144043	0.0359036922454834
40901	0.30379557609558105	0.03494739532470703
41001	0.2817726135253906	0.03498959541320801
41101	0.29572081565856934	0.03429365158081055
41201	0.2955327033996582	0.037520647048950195
41301	0.3179969787597656	0.03805661201477051
41401	0.30682826042175293	0.03444480895996094
41501	0.3038489818572998	0.03567624092102051
41601	0.3136923313140869	0.03625345230102539
41701	0.30612802505493164	0.03604459762573242
41801	0.3049130439758301	0.03584599494934082
41901	0.32112765312194824	0.04405546188354492
42001	0.33907270431518555	0.041480302810668945
42101	0.36367321014404297	0.03801727294921875
42201	0.3156003952026367	0.0365445613861084
42301	0.3248438835144043	0.04471921920776367
42401	0.34401726722717285	0.04689502716064453
42501	0.36142921447753906	0.03794527053833008
42601	0.35965919494628906	0.03799104690551758
42701	0.3307783603668213	0.03638625144958496
42801	0.3328728675842285	0.03800559043884277
42901	0.3138144016265869	0.04027247428894043
43001	0.3371734619140625	0.034497976303100586
43101	0.3587522506713867	0.06518220901489258
43201	0.3709578514099121	0.04399514198303223
43301	0.3316984176635742	0.0473325252532959
43401	0.39443039894104004	0.0385594367980957
43501	0.32788705825805664	0.03632664680480957
43601	0.3634052276611328	0.03766584396362305
43701	0.36548614501953125	0.03864479064941406
43801	0.35512828826904297	0.040812015533447266
43901	0.3344142436981201	0.05209493637084961
44001	0.3390974998474121	0.0365755558013916
44101	0.3245675563812256	0.0431973934173584
44201	0.3323831558227539	0.04374504089355469
44301	0.333559513092041	0.0494997501373291
44401	0.3627591133117676	0.03971052169799805
44501	0.32842135429382324	0.03850364685058594
44601	0.3233206272125244	0.0391230583190918
44701	0.33074212074279785	0.03867626190185547
44801	0.3236660957336426	0.03930807113647461
44901	0.3334949016571045	0.03857421875
45001	0.32639408111572266	0.04058670997619629
45101	0.34244608879089355	0.0381617546081543
45201	0.3280811309814453	0.037888288497924805
45301	0.382434606552124	0.04123401641845703
45401	0.3493232727050781	0.03933095932006836
45501	0.3431551456451416	0.036797523498535156
45601	0.3491857051849365	0.05544090270996094
45701	0.32895874977111816	0.03718137741088867
45801	0.3306541442871094	0.03858637809753418
45901	0.34221410751342773	0.0407717227935791
46001	0.3340933322906494	0.04032444953918457
46101	0.3444523811340332	0.03953719139099121
46201	0.3413503170013428	0.03721213340759277
46301	0.34272027015686035	0.03659486770629883
46401	0.34158778190612793	0.03959345817565918
46501	0.3589484691619873	0.039340972900390625
46601	0.3446528911590576	0.04001259803771973
46701	0.4009077548980713	0.03997635841369629
46801	0.3517580032348633	0.03974723815917969
46901	0.3624868392944336	0.04012489318847656
47001	0.3495049476623535	0.03989720344543457
47101	0.3418459892272949	0.04091477394104004
47201	0.3717043399810791	0.04094266891479492
47301	0.3683180809020996	0.0398256778717041
47401	0.3442568778991699	0.039862632751464844
47501	0.3601682186126709	0.03995776176452637
47601	0.36128950119018555	0.04187369346618652
47701	0.35104894638061523	0.039058685302734375
47801	0.36454343795776367	0.040912628173828125
47901	0.35701799392700195	0.04035210609436035
48001	0.3629488945007324	0.04120445251464844
48101	0.40781378746032715	0.04070162773132324
48201	0.34948182106018066	0.04147458076477051
48301	0.36840295791625977	0.04101204872131348
48401	0.3650550842285156	0.047806739807128906
48501	0.3662099838256836	0.041588783264160156
48601	0.3560938835144043	0.041975975036621094
48701	0.3591420650482178	0.04172945022583008
48801	0.36689209938049316	0.04291367530822754
48901	0.38333678245544434	0.041776418685913086
49001	0.38640475273132324	0.04337644577026367
49101	0.3797743320465088	0.04898214340209961
49201	0.41075944900512695	0.051036834716796875
49301	0.42210960388183594	0.04492044448852539
49401	0.37734556198120117	0.04201507568359375
49501	0.3908872604370117	0.0427396297454834
49601	0.4445481300354004	0.0436711311340332
49701	0.44151759147644043	0.04815554618835449
49801	0.4039328098297119	0.0430295467376709
49901	0.46372556686401367	0.04888725280761719
50001	0.44582653045654297	0.04608750343322754
50101	0.41296887397766113	0.043555498123168945
50201	0.41774678230285645	0.04658651351928711
50301	0.42388057708740234	0.046553611755371094
50401	0.41448545455932617	0.044295549392700195
50501	0.39005136489868164	0.04251718521118164
50601	0.39148831367492676	0.043611764907836914
50701	0.3950765132904053	0.042919158935546875
50801	0.40850067138671875	0.04434919357299805
50901	0.3914656639099121	0.04249215126037598
51001	0.4074745178222656	0.05051398277282715
51101	0.39667177200317383	0.044145822525024414
51201	0.39712071418762207	0.043457746505737305
51301	0.4054138660430908	0.04398083686828613
51401	0.4006028175354004	0.04521536827087402
51501	0.42559266090393066	0.05802178382873535
51601	0.42787647247314453	0.046195268630981445
51701	0.4028036594390869	0.04554343223571777
51801	0.4199051856994629	0.04651522636413574
51901	0.43649840354919434	0.043985605239868164
52001	0.4092063903808594	0.0466771125793457
52101	0.4688582420349121	0.04818415641784668
52201	0.43085622787475586	0.04615187644958496
52301	0.40764904022216797	0.047782182693481445
52401	0.45677852630615234	0.047121286392211914
52501	0.4858980178833008	0.07622456550598145
52601	0.48679256439208984	0.04830002784729004
52701	0.514218807220459	0.06157350540161133
52801	0.5093648433685303	0.05236387252807617
52901	0.50343918800354	0.04886007308959961
53001	0.4699699878692627	0.04983997344970703
53101	0.5447587966918945	0.06508803367614746
53201	0.49643492698669434	0.045671701431274414
53301	0.48302769660949707	0.04749011993408203
53401	0.4892451763153076	0.05498957633972168
53501	0.48883485794067383	0.048213958740234375
53601	0.4579935073852539	0.05500173568725586
53701	0.5062351226806641	0.05319547653198242
53801	0.467301607131958	0.059180498123168945
53901	0.47681522369384766	0.04983043670654297
54001	0.42504239082336426	0.04635047912597656
54101	0.413341760635376	0.046845436096191406
54201	0.428189754486084	0.04774069786071777
54301	0.4224364757537842	0.0506291389465332
54401	0.43305468559265137	0.04763603210449219
54501	0.408947229385376	0.046559810638427734
54601	0.44939279556274414	0.061219215393066406
54701	0.5186498165130615	0.050153255462646484
54801	0.4741697311401367	0.06762433052062988
54901	0.4314115047454834	0.046929121017456055
55001	0.4385392665863037	0.06866312026977539
55101	0.4198148250579834	0.05951094627380371
55201	0.4601614475250244	0.0486905574798584
55301	0.4358994960784912	0.04482722282409668
55401	0.4267752170562744	0.04895973205566406
55501	0.4214804172515869	0.04842257499694824
55601	0.4350767135620117	0.05106949806213379
55701	0.4406702518463135	0.04980039596557617
55801	0.4448726177215576	0.05126452445983887
55901	0.4250218868255615	0.04814577102661133
56001	0.4451479911804199	0.04918861389160156
56101	0.4391484260559082	0.04744219779968262
56201	0.44043993949890137	0.04901838302612305
56301	0.4297044277191162	0.04877519607543945
56401	0.440441370010376	0.04807591438293457
56501	0.44542717933654785	0.04663801193237305
56601	0.4427645206451416	0.051275014877319336
56701	0.5318124294281006	0.05065488815307617
56801	0.4504408836364746	0.05163717269897461
56901	0.43306398391723633	0.050194501876831055
57001	0.4370849132537842	0.05098605155944824
57101	0.44747138023376465	0.049463510513305664
57201	0.4462399482727051	0.051053524017333984
57301	0.44525647163391113	0.04893088340759277
57401	0.43832850456237793	0.05125737190246582
57501	0.4402894973754883	0.05350947380065918
57601	0.47266292572021484	0.05570244789123535
57701	0.47445201873779297	0.050243377685546875
57801	0.45735812187194824	0.05023765563964844
57901	0.4374809265136719	0.050293684005737305
58001	0.44895339012145996	0.04845237731933594
58101	0.45421457290649414	0.05170464515686035
58201	0.4616129398345947	0.050215721130371094
58301	0.44945240020751953	0.05128955841064453
58401	0.4623243808746338	0.0491328239440918
58501	0.458939790725708	0.05121302604675293
58601	0.45873498916625977	0.0491335391998291
58701	0.4598667621612549	0.049835205078125
58801	0.4726083278656006	0.05079531669616699
58901	0.4565160274505615	0.05090475082397461
59001	0.464489221572876	0.04987740516662598
59101	0.48270320892333984	0.051575422286987305
59201	0.45949554443359375	0.05170416831970215
59301	0.47929930686950684	0.05120730400085449
59401	0.4760313034057617	0.05291247367858887
59501	0.476287841796875	0.05049395561218262
59601	0.46123385429382324	0.061762094497680664
59701	0.4854722023010254	0.05008578300476074
59801	0.47287845611572266	0.04991912841796875
59901	0.46436405181884766	0.05158209800720215
60001	0.5068821907043457	0.05890154838562012
60101	0.4631223678588867	0.05069112777709961
60201	0.46758270263671875	0.051180362701416016
60301	0.47122836112976074	0.05025911331176758
60401	0.46747851371765137	0.05463552474975586
60501	0.4972074031829834	0.051299333572387695
60601	0.4980759620666504	0.0507967472076416
60701	0.49205660820007324	0.05549001693725586
60801	0.486569881439209	0.05330920219421387
60901	0.4968862533569336	0.051123619079589844
61001	0.484619140625	0.05110478401184082
61101	0.4738767147064209	0.05392861366271973
61201	0.4798729419708252	0.0563969612121582
61301	0.48369812965393066	0.05134701728820801
61401	0.474700927734375	0.05213427543640137
61501	0.4810981750488281	0.052562713623046875
61601	0.47303152084350586	0.058945417404174805
61701	0.4844214916229248	0.051825523376464844
61801	0.4905416965484619	0.05247211456298828
61901	0.5171773433685303	0.05146956443786621
62001	0.48877930641174316	0.05547833442687988
62101	0.5037276744842529	0.05204510688781738
62201	0.5033655166625977	0.054323434829711914
62301	0.5018951892852783	0.05405879020690918
62401	0.4925868511199951	0.05551338195800781
62501	0.49370598793029785	0.05393815040588379
62601	0.5155658721923828	0.05284905433654785
62701	0.5017390251159668	0.05326986312866211
62801	0.5229988098144531	0.05523347854614258
62901	0.5043046474456787	0.05432915687561035
63001	0.5006449222564697	0.0537261962890625
63101	0.5081338882446289	0.05366086959838867
63201	0.5082395076751709	0.05608963966369629
63301	0.5003204345703125	0.05346035957336426
63401	0.5062222480773926	0.05366921424865723
63501	0.5097100734710693	0.05418062210083008
63601	0.53110671043396	0.0538938045501709
63701	0.5054950714111328	0.053192853927612305
63801	0.518970251083374	0.05616927146911621
63901	0.5279045104980469	0.05444645881652832
64001	0.5096096992492676	0.056819915771484375
64101	0.506309986114502	0.05416440963745117
64201	0.5114619731903076	0.057029008865356445
64301	0.5194330215454102	0.054399728775024414
64401	0.5100934505462646	0.05553627014160156
64501	0.5158779621124268	0.055675506591796875
64601	0.5079960823059082	0.0550844669342041
64701	0.5244717597961426	0.05410122871398926
64801	0.5127749443054199	0.0574641227722168
64901	0.5496976375579834	0.055478572845458984
65001	0.5279054641723633	0.05789804458618164
65101	0.5696170330047607	0.05458521842956543
65201	0.5239531993865967	0.059114933013916016
65301	0.5239362716674805	0.057160139083862305
65401	0.5244207382202148	0.05964994430541992
65501	0.5330672264099121	0.05565190315246582
65601	0.5249011516571045	0.058885812759399414
65701	0.5261874198913574	0.055557966232299805
65801	0.5339624881744385	0.05761885643005371
65901	0.5496277809143066	0.055373430252075195
66001	0.5379502773284912	0.05901646614074707
66101	0.548633337020874	0.05552053451538086
66201	0.5651688575744629	0.06038856506347656
66301	0.559363842010498	0.056456804275512695
66401	0.5527985095977783	0.05854630470275879
66501	0.5658540725708008	0.05823111534118652
66601	0.5397381782531738	0.0586395263671875
66701	0.5743341445922852	0.05965018272399902
66801	0.588681697845459	0.06333613395690918
66901	0.5330803394317627	0.058586835861206055
67001	0.5769302845001221	0.06028604507446289
67101	0.5660393238067627	0.05749702453613281
67201	0.5610897541046143	0.0576169490814209
67301	0.5536954402923584	0.057900190353393555
67401	0.548954963684082	0.0758521556854248
67501	0.6096744537353516	0.05903053283691406
67601	0.5505399703979492	0.05627131462097168
67701	0.6101891994476318	0.0580902099609375
67801	0.5593011379241943	0.05765795707702637
67901	0.5517268180847168	0.06680536270141602
68001	0.5454196929931641	0.058244943618774414
68101	0.5706629753112793	0.060823678970336914
68201	0.5496690273284912	0.057671308517456055
68301	0.5604579448699951	0.058751821517944336
68401	0.5547549724578857	0.061284542083740234
68501	0.5504014492034912	0.05818796157836914
68601	0.6000630855560303	0.05847740173339844
68701	0.5680928230285645	0.05750775337219238
68801	0.5681507587432861	0.05986595153808594
68901	0.5652370452880859	0.0666804313659668
69001	0.5902948379516602	0.06044197082519531
69101	0.5408079624176025	0.0594174861907959
69201	0.5667285919189453	0.06079816818237305
69301	0.5684471130371094	0.05974578857421875
69401	0.5990984439849854	0.06717896461486816
69501	0.5691072940826416	0.05906033515930176
69601	0.600013256072998	0.06122732162475586
69701	0.5893599987030029	0.06270861625671387
69801	0.55082106590271	0.060559749603271484
69901	0.5867571830749512	0.0624849796295166
70001	0.5629658699035645	0.062436819076538086
70101	0.5818204879760742	0.05967998504638672
70201	0.557471513748169	0.06334233283996582
70301	0.5715839862823486	0.058129310607910156
70401	0.5583791732788086	0.07547616958618164
70501	0.5697305202484131	0.06074857711791992
70601	0.5654346942901611	0.06159162521362305
70701	0.593768835067749	0.061466217041015625
70801	0.5720524787902832	0.10506582260131836
70901	0.5675673484802246	0.06084728240966797
71001	0.5894362926483154	0.06163454055786133
71101	0.5810041427612305	0.059583187103271484
71201	0.5764775276184082	0.06264090538024902
71301	0.5846364498138428	0.06182861328125
71401	0.572411060333252	0.06328153610229492
71501	0.5927300453186035	0.06076216697692871
71601	0.5949182510375977	0.06279397010803223
71701	0.6313552856445312	0.0599818229675293
71801	0.5974884033203125	0.06380081176757812
71901	0.6602885723114014	0.0607907772064209
72001	0.6343297958374023	0.06463623046875
72101	0.573469877243042	0.06045031547546387
72201	0.5935165882110596	0.06669259071350098
72301	0.5872068405151367	0.06136178970336914
72401	0.5770809650421143	0.06623697280883789
72501	0.5851032733917236	0.06434106826782227
72601	0.5990304946899414	0.06403350830078125
72701	0.6027371883392334	0.06999444961547852
72801	0.6128923892974854	0.07271504402160645
72901	0.6196870803833008	0.062267303466796875
73001	0.6244566440582275	0.06487131118774414
73101	0.5839321613311768	0.06110334396362305
73201	0.6080431938171387	0.06220078468322754
73301	0.5914721488952637	0.06336402893066406
73401	0.599013090133667	0.062461137771606445
73501	0.5878660678863525	0.06170821189880371
73601	0.60494065284729	0.06320786476135254
73701	0.5984916687011719	0.06287193298339844
73801	0.6068572998046875	0.06248116493225098
73901	0.5959925651550293	0.05949902534484863
74001	0.6102437973022461	0.06464266777038574
74101	0.5908157825469971	0.0639338493347168
74201	0.6139676570892334	0.06610751152038574
74301	0.6060121059417725	0.0643775463104248
74401	0.6038417816162109	0.06691288948059082
74501	0.6124308109283447	0.06241345405578613
74601	0.6208341121673584	0.06676650047302246
74701	0.63067626953125	0.0609583854675293
74801	0.6054742336273193	0.06436896324157715
74901	0.601487398147583	0.06671929359436035
75001	0.6191811561584473	0.07006382942199707
75101	0.6265504360198975	0.06514501571655273
75201	0.6215677261352539	0.0664830207824707
75301	0.6244723796844482	0.06345653533935547
75401	0.6282210350036621	0.06789541244506836
75501	0.6159563064575195	0.06387996673583984
75601	0.6005113124847412	0.06519508361816406
75701	0.6236650943756104	0.06462621688842773
75801	0.6139171123504639	0.06396770477294922
75901	0.6179053783416748	0.06509709358215332
76001	0.6042220592498779	0.062165021896362305
76101	0.6385538578033447	0.06621313095092773
76201	0.6316947937011719	0.0632791519165039
76301	0.7016458511352539	0.0646212100982666
76401	0.6101312637329102	0.06798839569091797
76501	0.6455068588256836	0.06473445892333984
76601	0.6290810108184814	0.06468462944030762
76701	0.6270890235900879	0.06452465057373047
76801	0.6225614547729492	0.06458353996276855
76901	0.6496200561523438	0.06380724906921387
77001	0.6287493705749512	0.06499481201171875
77101	0.673835277557373	0.06762480735778809
77201	0.6257507801055908	0.06747722625732422
77301	0.6372799873352051	0.06354737281799316
77401	0.6427342891693115	0.06493306159973145
77501	0.6308126449584961	0.06575798988342285
77601	0.6376843452453613	0.06621599197387695
77701	0.6593625545501709	0.06613707542419434
77801	0.6733202934265137	0.0652923583984375
77901	0.6396491527557373	0.06798458099365234
78001	0.6461598873138428	0.06919503211975098
78101	0.6411747932434082	0.06784987449645996
78201	0.6342897415161133	0.06974196434020996
78301	0.6662111282348633	0.06665921211242676
78401	0.6338560581207275	0.06955337524414062
78501	0.6436662673950195	0.06589198112487793
78601	0.6630814075469971	0.06987953186035156
78701	0.6651690006256104	0.06605386734008789
78801	0.6568279266357422	0.07320928573608398
78901	0.6774997711181641	0.0667581558227539
79001	0.6517317295074463	0.07370567321777344
79101	0.6383888721466064	0.06763887405395508
79201	0.6500489711761475	0.07155537605285645
79301	0.6715304851531982	0.06720995903015137
79401	0.6694860458374023	0.0708622932434082
79501	0.6581504344940186	0.06800675392150879
79601	0.650139331817627	0.07131814956665039
79701	0.6710817813873291	0.0673985481262207
79801	0.6649973392486572	0.0702199935913086
79901	0.651113748550415	0.06962156295776367
80001	0.6838729381561279	0.07192397117614746
80101	0.662606954574585	0.06803393363952637
80201	0.6491215229034424	0.07161402702331543
80301	0.6613237857818604	0.0705258846282959
80401	0.6648406982421875	0.0716714859008789
80501	0.661041259765625	0.06757879257202148
80601	0.6755869388580322	0.06892585754394531
80701	0.6865582466125488	0.06878972053527832
80801	0.6594271659851074	0.06779360771179199
80901	0.6673555374145508	0.07080197334289551
81001	0.668586015701294	0.07192254066467285
81101	0.6693587303161621	0.06601071357727051
81201	0.6736652851104736	0.06879210472106934
81301	0.6825072765350342	0.0675959587097168
81401	0.6798701286315918	0.06873846054077148
81501	0.6786282062530518	0.07164764404296875
81601	0.6868946552276611	0.06985020637512207
81701	0.6660630702972412	0.07051205635070801
81801	0.6886470317840576	0.06865262985229492
81901	0.6899523735046387	0.07085394859313965
82001	0.6736769676208496	0.06790876388549805
82101	0.6972372531890869	0.07091712951660156
82201	0.6715812683105469	0.07210803031921387
82301	0.6784827709197998	0.0725252628326416
82401	0.6715488433837891	0.07021808624267578
82501	0.7040290832519531	0.07079601287841797
82601	0.6751656532287598	0.06919264793395996
82701	0.6985204219818115	0.07438874244689941
82801	0.6785542964935303	0.06676316261291504
82901	0.6757493019104004	0.07263779640197754
83001	0.7067465782165527	0.06899189949035645
83101	0.7094988822937012	0.06977295875549316
83201	0.7002584934234619	0.07101750373840332
83301	0.6738770008087158	0.0684504508972168
83401	0.6764421463012695	0.07051515579223633
83501	0.6787369251251221	0.07045364379882812
83601	0.7093260288238525	0.07117652893066406
83701	0.7075815200805664	0.07128548622131348
83801	0.6995015144348145	0.07347464561462402
83901	0.7127406597137451	0.07252311706542969
84001	0.7048590183258057	0.07392072677612305
84101	0.6957464218139648	0.06826066970825195
84201	0.7119758129119873	0.07242727279663086
84301	0.7223894596099854	0.07344818115234375
84401	0.7219963073730469	0.0725409984588623
84501	0.7192902565002441	0.0718698501586914
84601	0.7413904666900635	0.07268428802490234
84701	0.7293310165405273	0.07316923141479492
84801	0.7028319835662842	0.07126975059509277
84901	0.72918701171875	0.0729217529296875
85001	0.7274811267852783	0.07532906532287598
85101	0.744774580001831	0.07193636894226074
85201	0.734982967376709	0.07171010971069336
85301	0.7169270515441895	0.07196831703186035
85401	0.7418191432952881	0.07346701622009277
85501	0.7222089767456055	0.07329297065734863
85601	0.726341962814331	0.07501482963562012
85701	0.7077395915985107	0.07236051559448242
85801	0.7133500576019287	0.07673239707946777
85901	0.7288291454315186	0.0738058090209961
86001	0.7451012134552002	0.07381534576416016
86101	0.7159938812255859	0.0737919807434082
86201	0.7239716053009033	0.07349181175231934
86301	0.7137868404388428	0.07348442077636719
86401	0.7261183261871338	0.07354068756103516
86501	0.7223455905914307	0.07489228248596191
86601	0.7468359470367432	0.0776360034942627
86701	0.741368293762207	0.07483339309692383
86801	0.7395024299621582	0.07299542427062988
86901	0.7285277843475342	0.07307600975036621
87001	0.7312889099121094	0.07328510284423828
87101	0.732529878616333	0.07447290420532227
87201	0.7596242427825928	0.0730586051940918
87301	0.744896411895752	0.07694554328918457
87401	0.7432119846343994	0.0756235122680664
87501	0.731539249420166	0.07787251472473145
87601	0.7601523399353027	0.07904458045959473
87701	0.7450389862060547	0.07491922378540039
87801	0.7799069881439209	0.07399106025695801
87901	0.7657830715179443	0.07402563095092773
88001	0.7513518333435059	0.07763934135437012
88101	0.7414603233337402	0.07434678077697754
88201	0.7560281753540039	0.07397842407226562
88301	0.7608754634857178	0.0743722915649414
88401	0.7720024585723877	0.07425642013549805
88501	0.76202392578125	0.0774388313293457
88601	0.7898445129394531	0.0756993293762207
88701	0.7610111236572266	0.07650160789489746
88801	0.7472398281097412	0.07592129707336426
88901	0.7494759559631348	0.07566714286804199
89001	0.7448379993438721	0.07628560066223145
89101	0.7568285465240479	0.0758962631225586
89201	0.7752285003662109	0.07713580131530762
89301	0.7566647529602051	0.07597780227661133
89401	0.793022871017456	0.08005094528198242
89501	0.7913084030151367	0.07513570785522461
89601	0.7696864604949951	0.07815289497375488
89701	0.763685941696167	0.07433414459228516
89801	0.7947156429290771	0.08090400695800781
89901	0.7716612815856934	0.07812786102294922
90001	0.7723808288574219	0.08221793174743652
90101	0.7681245803833008	0.07647871971130371
90201	0.8041503429412842	0.07661557197570801
90301	0.7699248790740967	0.07667064666748047
90401	0.767754077911377	0.08809113502502441
90501	0.8055052757263184	0.0836338996887207
90601	0.7834265232086182	0.07752346992492676
90701	0.797813892364502	0.08056306838989258
90801	0.7846944332122803	0.08840489387512207
90901	0.8230905532836914	0.07867264747619629
91001	0.8748972415924072	0.0823519229888916
91101	0.8094930648803711	0.08347916603088379
91201	0.7766444683074951	0.08712601661682129
91301	0.7998702526092529	0.07793426513671875
91401	0.7818253040313721	0.0776827335357666
91501	0.7809336185455322	0.07776141166687012
91601	0.7778048515319824	0.07851934432983398
91701	0.7956876754760742	0.08062744140625
91801	0.8024919033050537	0.08141064643859863
91901	0.8003015518188477	0.0786588191986084
92001	0.7922751903533936	0.07876014709472656
92101	0.7899184226989746	0.07883167266845703
92201	0.791520357131958	0.0801851749420166
92301	0.7986865043640137	0.07902860641479492
92401	0.7847561836242676	0.0803983211517334
92501	0.7918508052825928	0.08360791206359863
92601	0.7934181690216064	0.07847046852111816
92701	0.77579665184021	0.07908034324645996
92801	0.8038897514343262	0.07906079292297363
92901	0.7844736576080322	0.08280205726623535
93001	0.8084139823913574	0.07973027229309082
93101	0.7947134971618652	0.08005642890930176
93201	0.8214995861053467	0.07937121391296387
93301	0.7928619384765625	0.0826561450958252
93401	0.7954013347625732	0.08036160469055176
93501	0.7957098484039307	0.07927703857421875
93601	0.7960031032562256	0.07958841323852539
93701	0.807349443435669	0.0880739688873291
93801	0.7921454906463623	0.08194375038146973
93901	0.8171815872192383	0.08212661743164062
94001	0.8176944255828857	0.07954692840576172
94101	0.8284478187561035	0.08146548271179199
94201	0.8306725025177002	0.08364367485046387
94301	0.8031132221221924	0.08114743232727051
94401	0.8343691825866699	0.07897043228149414
94501	0.8118157386779785	0.08227038383483887
94601	0.821845293045044	0.08502364158630371
94701	0.8251805305480957	0.08205795288085938
94801	0.8377811908721924	0.08025765419006348
94901	0.8050355911254883	0.08104681968688965
95001	0.829139232635498	0.08169960975646973
95101	0.848013162612915	0.08191704750061035
95201	0.816615104675293	0.0841364860534668
95301	0.8275725841522217	0.08144760131835938
95401	0.8336305618286133	0.08699727058410645
95501	0.8405859470367432	0.08041071891784668
95601	0.8329615592956543	0.08330917358398438
95701	0.8351867198944092	0.08074140548706055
95801	0.8267378807067871	0.07897067070007324
95901	0.8262448310852051	0.08259201049804688
96001	0.8270933628082275	0.08242940902709961
96101	0.8142189979553223	0.08088207244873047
96201	0.8197529315948486	0.08473563194274902
96301	0.8306906223297119	0.08186650276184082
96401	0.8447239398956299	0.08214569091796875
96501	0.8337655067443848	0.08412337303161621
96601	0.8243985176086426	0.08399152755737305
96701	0.8562440872192383	0.0825948715209961
96801	0.8402037620544434	0.0834958553314209
96901	0.8768014907836914	0.0828709602355957
97001	0.8466174602508545	0.08361053466796875
97101	0.8527989387512207	0.0840144157409668
97201	0.8430228233337402	0.08367300033569336
97301	0.8258857727050781	0.08367633819580078
97401	0.8451197147369385	0.0838172435760498
97501	0.8489670753479004	0.08090400695800781
97601	0.82529616355896	0.08279061317443848
97701	0.8975110054016113	0.08848834037780762
97801	0.843576192855835	0.0817573070526123
97901	0.8643062114715576	0.08012652397155762
98001	0.8315818309783936	0.0829780101776123
98101	0.8735795021057129	0.08250999450683594
98201	0.8698978424072266	0.08350515365600586
98301	0.9134728908538818	0.0829916000366211
98401	0.932624340057373	0.08551335334777832
98501	0.8754572868347168	0.08344006538391113
98601	0.865290641784668	0.08476901054382324
98701	0.8546674251556396	0.08289384841918945
98801	0.9603691101074219	0.08550357818603516
98901	0.9111742973327637	0.08418154716491699
99001	0.8456816673278809	0.08489751815795898
99101	0.8611099720001221	0.08443331718444824
99201	0.8825891017913818	0.08806800842285156
99301	0.8813138008117676	0.08152318000793457
99401	0.8625555038452148	0.0873250961303711
99501	0.8675284385681152	0.08495187759399414
99601	0.8873028755187988	0.08593916893005371
99701	0.8427040576934814	0.08809399604797363
99801	0.9139423370361328	0.08489441871643066
99901	0.8768370151519775	0.0847780704498291
100001	0.8925542831420898	0.0894322395324707
100101	0.8996682167053223	0.08665680885314941
100201	0.873237133026123	0.08383059501647949
100301	0.8782956600189209	0.0843813419342041
100401	0.8710739612579346	0.0878136157989502
100501	0.8835597038269043	0.08651399612426758
100601	0.8567788600921631	0.08556389808654785
100701	0.9192178249359131	0.08517241477966309
100801	0.8644454479217529	0.08619523048400879
100901	0.8769044876098633	0.0859842300415039
101001	0.8796889781951904	0.08878278732299805
101101	0.9080877304077148	0.087066650390625
101201	0.8899242877960205	0.08796334266662598
101301	0.8815031051635742	0.08675551414489746
101401	0.8932704925537109	0.0879659652709961
101501	0.8764011859893799	0.08977580070495605
101601	0.8732423782348633	0.08623957633972168
101701	0.8860349655151367	0.08727788925170898
101801	0.8835544586181641	0.08658623695373535
101901	0.9360065460205078	0.08515453338623047
102001	0.9089679718017578	0.08678841590881348
102101	0.9055147171020508	0.0862269401550293
102201	0.886256217956543	0.08695793151855469
102301	0.9048619270324707	0.0883169174194336
102401	0.8820724487304688	0.08777713775634766
102501	0.8774750232696533	0.0863645076751709
102601	0.8779759407043457	0.08723831176757812
102701	0.9006226062774658	0.08717489242553711
102801	0.897413969039917	0.08841705322265625
102901	0.910163164138794	0.08941054344177246
103001	0.8878471851348877	0.08826732635498047
103101	0.8929378986358643	0.08757519721984863
103201	0.9444286823272705	0.08944964408874512
103301	0.9525649547576904	0.08990216255187988
103401	0.9167699813842773	0.08726024627685547
103501	0.8950214385986328	0.09078431129455566
103601	0.9180946350097656	0.09106612205505371
103701	0.902843713760376	0.08945584297180176
103801	0.8835372924804688	0.0899043083190918
103901	0.9387857913970947	0.08808398246765137
104001	0.9046187400817871	0.08874821662902832
104101	0.9621379375457764	0.08851814270019531
104201	0.9143168926239014	0.09097933769226074
104301	1.0050623416900635	0.09294319152832031
104401	0.9413430690765381	0.08663725852966309
104501	0.9483134746551514	0.09055352210998535
104601	0.9553639888763428	0.0900721549987793
104701	0.9166727066040039	0.09318280220031738
104801	0.9736380577087402	0.08894968032836914
104901	0.9291555881500244	0.08898472785949707
105001	0.9779977798461914	0.09366846084594727
105101	0.9782407283782959	0.08983874320983887
105201	0.9671597480773926	0.08882355690002441
105301	0.9253809452056885	0.08906292915344238
105401	0.9110281467437744	0.09188437461853027
105501	0.9388401508331299	0.08999514579772949
105601	0.9327502250671387	0.09031891822814941
105701	1.007582187652588	0.09277772903442383
105801	1.0040230751037598	0.0948326587677002
105901	0.9326505661010742	0.09145736694335938
106001	0.9935483932495117	0.09073519706726074
106101	0.9400548934936523	0.09146857261657715
106201	0.9324822425842285	0.0879523754119873
106301	0.9826300144195557	0.09387874603271484
106401	0.9257912635803223	0.09034276008605957
106501	1.1219604015350342	0.09476065635681152
106601	0.9437110424041748	0.09195613861083984
106701	0.9565150737762451	0.09416937828063965
106801	0.9602110385894775	0.09309172630310059
106901	0.9970333576202393	0.11002469062805176
107001	0.9587254524230957	0.09293413162231445
107101	1.1352417469024658	0.10539960861206055
107201	1.1583068370819092	0.11565256118774414
107301	1.2957191467285156	0.1296689510345459
107401	1.1235668659210205	0.11414241790771484
107501	1.1590847969055176	0.11432123184204102
107601	1.062833547592163	0.1176459789276123
107701	1.1174969673156738	0.14873957633972168
107801	1.1076011657714844	0.12812066078186035
107901	1.0251116752624512	0.09177303314208984
108001	1.1261317729949951	0.09147500991821289
108101	0.9431989192962646	0.0932474136352539
108201	1.0364694595336914	0.09007906913757324
108301	0.972074031829834	0.091888427734375
108401	0.9692983627319336	0.09273004531860352
108501	0.9618911743164062	0.09148502349853516
108601	0.9510195255279541	0.09183001518249512
108701	0.9638586044311523	0.08931088447570801
108801	1.0000088214874268	0.0949702262878418
108901	0.9566380977630615	0.09267687797546387
109001	0.9958875179290771	0.09462237358093262
109101	0.9560925960540771	0.09185671806335449
109201	0.9596788883209229	0.09342527389526367
109301	1.037355899810791	0.09111642837524414
109401	0.9808757305145264	0.09060049057006836
109501	0.9882011413574219	0.09356856346130371
109601	1.0203876495361328	0.09570884704589844
109701	0.9814164638519287	0.09259438514709473
109801	0.9743292331695557	0.09191322326660156
109901	0.9959406852722168	0.09203886985778809
110001	1.0288007259368896	0.09430623054504395
110101	0.9665615558624268	0.09584474563598633
110201	0.9825630187988281	0.09250545501708984
110301	0.9964709281921387	0.09313535690307617
110401	1.0540273189544678	0.09688520431518555
110501	1.0174577236175537	0.09470415115356445
110601	0.9785966873168945	0.09333944320678711
110701	1.0166888236999512	0.09479069709777832
110801	0.9757139682769775	0.0974736213684082
110901	1.0680792331695557	0.09271550178527832
111001	0.9887433052062988	0.09606575965881348
111101	0.9565260410308838	0.09506964683532715
111201	1.0020666122436523	0.09534716606140137
111301	1.0085787773132324	0.09326505661010742
111401	0.989168643951416	0.09351325035095215
111501	0.9933271408081055	0.09724140167236328
111601	0.9859130382537842	0.09507131576538086
111701	0.9908006191253662	0.09546637535095215
111801	0.9765937328338623	0.09842300415039062
111901	0.9962623119354248	0.09561753273010254
112001	1.001939058303833	0.09432578086853027
112101	1.0348765850067139	0.09883928298950195
112201	0.9853708744049072	0.09547781944274902
112301	0.9924533367156982	0.09546875953674316
112401	1.0190305709838867	0.09522294998168945
112501	1.028681993484497	0.09576892852783203
112601	1.0007777214050293	0.09502720832824707
112701	1.0101184844970703	0.09855961799621582
112801	1.0074973106384277	0.11095857620239258
112901	1.025221824645996	0.09499597549438477
113001	1.0188519954681396	0.09627866744995117
113101	1.0320186614990234	0.09677743911743164
113201	1.0077123641967773	0.09609317779541016
113301	0.9923501014709473	0.09602165222167969
113401	1.0281846523284912	0.09555912017822266
113501	1.0035266876220703	0.09789252281188965
113601	1.0414702892303467	0.094329833984375
113701	1.0068182945251465	0.0959024429321289
113801	1.0173230171203613	0.09947776794433594
113901	1.0383565425872803	0.09906649589538574
114001	1.0050621032714844	0.09549450874328613
114101	1.0325953960418701	0.09959030151367188
114201	1.0409870147705078	0.09865903854370117
114301	1.0233442783355713	0.09793448448181152
114401	1.071446180343628	0.09868550300598145
114501	1.0569891929626465	0.09694600105285645
114601	1.004751205444336	0.10131001472473145
114701	1.0529837608337402	0.0972592830657959
114801	1.0313169956207275	0.09816622734069824
114901	1.016937494277954	0.09805488586425781
115001	1.0433945655822754	0.11259603500366211
115101	1.0953571796417236	0.0984339714050293
115201	1.036318302154541	0.09805536270141602
115301	1.012223720550537	0.09778261184692383
115401	1.0416979789733887	0.09910750389099121
115501	1.0315496921539307	0.09762263298034668
115601	1.0331707000732422	0.102630615234375
115701	1.0322608947753906	0.09729313850402832
115801	1.0520002841949463	0.10083866119384766
115901	1.0286645889282227	0.09890246391296387
116001	1.0406932830810547	0.09963512420654297
116101	1.05379319190979	0.1001138687133789
116201	1.0368635654449463	0.10055947303771973
116301	1.0654406547546387	0.10138177871704102
116401	1.060375452041626	0.09914255142211914
116501	1.0569586753845215	0.09981274604797363
116601	1.040081262588501	0.10203719139099121
116701	1.0509657859802246	0.10034394264221191
116801	1.04371976852417	0.09987974166870117
116901	1.0527586936950684	0.10377764701843262
117001	1.0772743225097656	0.10034465789794922
117101	1.057356595993042	0.10470724105834961
117201	1.0502173900604248	0.09968876838684082
117301	1.0602562427520752	0.09940719604492188
117401	1.0939264297485352	0.10258102416992188
117501	1.0487680435180664	0.09933066368103027
117601	1.0416169166564941	0.10004496574401855
117701	1.088998556137085	0.09997153282165527
117801	1.0728280544281006	0.10019564628601074
117901	1.0572330951690674	0.1024477481842041
118001	1.0457355976104736	0.09975409507751465
118101	1.0467617511749268	0.10229611396789551
118201	1.0498130321502686	0.10316753387451172
118301	1.0468392372131348	0.10177183151245117
118401	1.0612385272979736	0.1009068489074707
118501	1.0723791122436523	0.10242700576782227
118601	1.0583558082580566	0.10157179832458496
118701	1.090111255645752	0.10660529136657715
118801	1.0736687183380127	0.10105252265930176
118901	1.080348253250122	0.10303330421447754
119001	1.0908918380737305	0.10334181785583496
119101	1.096684455871582	0.10315537452697754
119201	1.134244680404663	0.10349750518798828
119301	1.107914924621582	0.10289573669433594
119401	1.1061570644378662	0.10304903984069824
119501	1.1016745567321777	0.10080885887145996
119601	1.1202290058135986	0.10521745681762695
119701	1.0672051906585693	0.10135960578918457
119801	1.1271777153015137	0.12497639656066895
119901	1.0979931354522705	0.10020995140075684
120001	1.0677440166473389	0.10484600067138672
120101	1.086089849472046	0.09907031059265137
120201	1.1088025569915771	0.10454630851745605
120301	1.1110670566558838	0.09951233863830566
120401	1.1251497268676758	0.11115670204162598
120501	1.1113393306732178	0.1017920970916748
120601	1.100449800491333	0.10644960403442383
120701	1.1239738464355469	0.10221242904663086
120801	1.1117372512817383	0.10320138931274414
120901	1.1304986476898193	0.1025996208190918
121001	1.1043732166290283	0.10097742080688477
121101	1.1198399066925049	0.10180354118347168
121201	1.082094669342041	0.11924076080322266
121301	1.1180126667022705	0.10165786743164062
121401	1.0817389488220215	0.10218143463134766
121501	1.0933034420013428	0.10202360153198242
121601	1.1102166175842285	0.10067915916442871
121701	1.1506073474884033	0.1022489070892334
121801	1.1476385593414307	0.10298466682434082
121901	1.0964901447296143	0.10235381126403809
122001	1.0987341403961182	0.09575986862182617
122101	1.1101312637329102	0.10306715965270996
122201	1.1107234954833984	0.10369873046875
122301	1.152123212814331	0.10476183891296387
122401	1.111283302307129	0.10417032241821289
122501	1.1116678714752197	0.10690712928771973
122601	1.1012883186340332	0.10517215728759766
122701	1.1295294761657715	0.10335564613342285
122801	1.0943405628204346	0.10364508628845215
122901	1.1501319408416748	0.1071176528930664
123001	1.1053824424743652	0.1030585765838623
123101	1.1243689060211182	0.10469579696655273
123201	1.1249141693115234	0.10510420799255371
123301	1.1241843700408936	0.10483837127685547
123401	1.1195788383483887	0.10506558418273926
123501	1.1151461601257324	0.10589098930358887
123601	1.110823154449463	0.10481595993041992
123701	1.174635648727417	0.11158633232116699
123801	1.1687917709350586	0.10651421546936035
123901	1.1502504348754883	0.10402178764343262
124001	1.1126277446746826	0.10417342185974121
124101	1.1617991924285889	0.1067347526550293
124201	1.2713286876678467	0.11058521270751953
124301	1.1790275573730469	0.11168026924133301
124401	1.2908751964569092	0.13171815872192383
124501	1.2889094352722168	0.10963630676269531
124601	1.2399449348449707	0.10902070999145508
124701	1.2608215808868408	0.11582231521606445
124801	1.2481682300567627	0.12250280380249023
124901	1.2236878871917725	0.10873603820800781
125001	1.2893853187561035	0.11748838424682617
125101	1.4299800395965576	0.13091278076171875
125201	1.3930673599243164	0.12313580513000488
125301	1.4245402812957764	0.12746644020080566
125401	1.4854745864868164	0.12127089500427246
125501	1.3387537002563477	0.11364173889160156
125601	1.4654383659362793	0.11899828910827637
125701	1.2669551372528076	0.11767458915710449
125801	1.2411422729492188	0.10843324661254883
125901	1.2186243534088135	0.11388635635375977
126001	1.1991121768951416	0.13936948776245117
126101	1.1850230693817139	0.1099691390991211
126201	1.257145643234253	0.10840344429016113
126301	1.199373722076416	0.10702919960021973
126401	1.2703735828399658	0.10928511619567871
126501	1.2286181449890137	0.11036920547485352
126601	1.1861741542816162	0.11026525497436523
126701	1.2447733879089355	0.10885095596313477
126801	1.241913080215454	0.11288833618164062
126901	1.2340080738067627	0.10986137390136719
127001	1.181886911392212	0.10647082328796387
127101	1.215787410736084	0.10988378524780273
127201	1.191770315170288	0.12308907508850098
127301	1.3040082454681396	0.10951685905456543
127401	1.2566332817077637	0.11225032806396484
127501	1.3120849132537842	0.11111283302307129
127601	1.2693994045257568	0.11173129081726074
127701	1.1961874961853027	0.12097597122192383
127801	1.2220544815063477	0.11430573463439941
127901	1.2154812812805176	0.1108541488647461
128001	1.227142333984375	0.11183476448059082
128101	1.214228868484497	0.11618995666503906
128201	1.225327491760254	0.11248779296875
128301	1.1929619312286377	0.11077547073364258
128401	1.1825180053710938	0.11454105377197266
128501	1.2054986953735352	0.11171197891235352
128601	1.2509949207305908	0.11169028282165527
128701	1.2201628684997559	0.1106114387512207
128801	1.219982385635376	0.12054300308227539
128901	1.5199215412139893	0.14143896102905273
129001	1.2745487689971924	0.12676501274108887
129101	1.282881498336792	0.1233677864074707
129201	1.3602008819580078	0.12374711036682129
129301	1.3900721073150635	0.1207113265991211
129401	1.258432149887085	0.11966609954833984
129501	1.3211593627929688	0.11749386787414551
129601	1.465285062789917	0.15697741508483887
129701	1.467503309249878	0.11640262603759766
129801	1.2859201431274414	0.11402392387390137
129901	1.2498300075531006	0.11707520484924316
130001	1.2093110084533691	0.12257671356201172
130101	1.2601344585418701	0.11197972297668457
130201	1.4032907485961914	0.11742830276489258
130301	1.3048043251037598	0.11831283569335938
130401	1.380885362625122	0.12322640419006348
130501	1.3531146049499512	0.17440485954284668
130601	1.5478403568267822	0.15309429168701172
130701	1.329474925994873	0.11295866966247559
130801	1.266446828842163	0.11082625389099121
130901	1.2567458152770996	0.1144258975982666
131001	1.2218689918518066	0.10926127433776855
